0 0.5338541666666666 0.1935185185185185 0.0 0.0
0 0.07760416666666667 0.6819444444444445 0.05520833333333333 0.1935185185185185
0 0.13828125 0.6810185185185185 0.05260416666666667 0.19166666666666668
0 0.20052083333333334 0.6819444444444445 0.05520833333333333 0.19166666666666668
0 0.25703125 0.6810185185185185 0.050520833333333334 0.18981481481481483
0 0.32057291666666665 0.6810185185185185 0.044270833333333336 0.19166666666666668
0 0.378125 0.6791666666666667 0.04895833333333333 0.1935185185185185
0 0.4354166666666667 0.6800925925925926 0.04583333333333333 0.1935185185185185
0 0.49375 0.6805555555555556 0.04583333333333333 0.1925925925925926
0 0.5565104166666667 0.6782407407407407 0.0421875 0.19537037037037036
0 0.6114583333333333 0.6782407407407407 0.053125 0.19722222222222222
0 0.6700520833333333 0.6782407407407407 0.050520833333333334 0.20092592592592592
0 0.7286458333333333 0.6777777777777778 0.05 0.2
0 0.7934895833333333 0.6777777777777778 0.0484375 0.2
0 0.8473958333333333 0.6800925925925926 0.04895833333333333 0.2064814814814815
0 0.9028645833333333 0.6796296296296296 0.058854166666666666 0.2074074074074074
0 0.9638020833333333 0.6796296296296296 0.05364583333333333 0.2074074074074074
