0 0.05390625 0.5504629629629629 0.05364583333333333 0.19537037037037036
0 0.11041666666666666 0.5509259259259259 0.04791666666666667 0.19444444444444445
0 0.16848958333333333 0.549537037037037 0.05260416666666667 0.1935185185185185
0 0.22708333333333333 0.549074074074074 0.04791666666666667 0.1962962962962963
0 0.28932291666666665 0.549074074074074 0.04739583333333333 0.2
0 0.34921875 0.5472222222222223 0.050520833333333334 0.19814814814814816
0 0.40598958333333335 0.5509259259259259 0.049479166666666664 0.2074074074074074
0 0.4627604166666667 0.5518518518518518 0.05364583333333333 0.2111111111111111
0 0.5213541666666667 0.5527777777777778 0.046875 0.21296296296296297
0 0.58359375 0.5513888888888889 0.05260416666666667 0.2101851851851852
0 0.6424479166666667 0.5509259259259259 0.049479166666666664 0.21481481481481482
0 0.6997395833333333 0.5509259259259259 0.05260416666666667 0.21296296296296297
0 0.76171875 0.5527777777777778 0.0546875 0.2111111111111111
0 0.8223958333333333 0.5523148148148148 0.052083333333333336 0.21388888888888888
0 0.8828125 0.5527777777777778 0.05 0.21481481481481482
0 0.9411458333333333 0.5523148148148148 0.051041666666666666 0.21203703703703702
