0 0.053385416666666664 0.5421296296296296 0.0515625 0.175
0 0.1109375 0.5421296296296296 0.04791666666666667 0.17314814814814813
0 0.16796875 0.5416666666666666 0.0453125 0.17037037037037037
0 0.22526041666666666 0.5430555555555555 0.0453125 0.1787037037037037
0 0.28984375 0.5425925925925926 0.04635416666666667 0.1814814814814815
0 0.3484375 0.5435185185185185 0.04895833333333333 0.17777777777777778
0 0.40651041666666665 0.5439814814814815 0.04635416666666667 0.18055555555555555
0 0.4640625 0.5421296296296296 0.046875 0.17685185185185184
0 0.5276041666666667 0.5449074074074074 0.05416666666666667 0.18425925925925926
0 0.5888020833333333 0.5416666666666666 0.0484375 0.17592592592592593
0 0.6450520833333333 0.5407407407407407 0.0484375 0.18333333333333332
0 0.70234375 0.538425925925926 0.0484375 0.175
0 0.76640625 0.5356481481481481 0.04739583333333333 0.1787037037037037
0 0.8236979166666667 0.5328703703703703 0.0546875 0.17314814814814813
0 0.88671875 0.5314814814814814 0.0484375 0.16666666666666666
0 0.9401041666666666 0.5319444444444444 0.04583333333333333 0.16944444444444445
