0 0.07708333333333334 0.6138888888888889 0.04375 0.1962962962962963
0 0.12708333333333333 0.611574074074074 0.042708333333333334 0.18796296296296297
0 0.1875 0.611574074074074 0.053125 0.18796296296296297
0 0.2453125 0.6129629629629629 0.04479166666666667 0.1925925925925926
0 0.309375 0.6129629629629629 0.04375 0.18333333333333332
0 0.3653645833333333 0.6129629629629629 0.049479166666666664 0.19814814814814816
0 0.4236979166666667 0.6083333333333333 0.0484375 0.19444444444444445
0 0.48072916666666665 0.6157407407407407 0.04583333333333333 0.19444444444444445
0 0.5440104166666667 0.6175925925925926 0.0484375 0.18703703703703703
0 0.6057291666666667 0.6125 0.05 0.18796296296296297
0 0.6606770833333333 0.6111111111111112 0.04635416666666667 0.17592592592592593
0 0.7244791666666667 0.6157407407407407 0.04479166666666667 0.19444444444444445
0 0.7817708333333333 0.6111111111111112 0.051041666666666666 0.17592592592592593
0 0.8453125 0.612037037037037 0.04791666666666667 0.17962962962962964
0 0.8994791666666667 0.6101851851851852 0.053125 0.17962962962962964
0 0.9625 0.6083333333333333 0.05 0.1814814814814815
