0 0.032552083333333336 0.6958333333333333 0.0484375 0.1935185185185185
0 0.08828125 0.6953703703703704 0.050520833333333334 0.19444444444444445
0 0.14895833333333333 0.674074074074074 0.04791666666666667 0.15555555555555556
0 0.20364583333333333 0.6935185185185185 0.046875 0.19444444444444445
0 0.26640625 0.6916666666666667 0.0453125 0.2
0 0.32578125 0.6912037037037037 0.049479166666666664 0.19907407407407407
0 0.38333333333333336 0.6902777777777778 0.05 0.20092592592592592
0 0.440625 0.6893518518518519 0.04791666666666667 0.2064814814814815
0 0.50625 0.6888888888888889 0.04791666666666667 0.2
0 0.565625 0.6893518518518519 0.04791666666666667 0.19537037037037036
0 0.6197916666666666 0.6907407407407408 0.051041666666666666 0.19814814814814816
0 0.68046875 0.6912037037037037 0.0484375 0.20277777777777778
0 0.7427083333333333 0.6935185185185185 0.04791666666666667 0.20555555555555555
0 0.8033854166666666 0.6944444444444444 0.05572916666666667 0.20555555555555555
0 0.8630208333333333 0.6912037037037037 0.052083333333333336 0.20462962962962963
0 0.9197916666666667 0.6902777777777778 0.051041666666666666 0.2064814814814815
