0 0.05572916666666667 0.6726851851851852 0.052083333333333336 0.1787037037037037
0 0.1140625 0.6736111111111112 0.04791666666666667 0.18055555555555555
0 0.17161458333333332 0.6712962962962963 0.04739583333333333 0.17592592592592593
0 0.22890625 0.674074074074074 0.044270833333333336 0.17222222222222222
0 0.29375 0.6726851851851852 0.04375 0.1712962962962963
0 0.35078125 0.6759259259259259 0.0453125 0.17407407407407408
0 0.41015625 0.6689814814814815 0.0453125 0.18055555555555555
0 0.47161458333333334 0.6726851851851852 0.044270833333333336 0.175
0 0.5333333333333333 0.6782407407407407 0.04791666666666667 0.17685185185185184
0 0.5908854166666667 0.675 0.043229166666666666 0.17777777777777778
0 0.6473958333333333 0.6800925925925926 0.053125 0.18425925925925926
0 0.7075520833333333 0.6814814814814815 0.04635416666666667 0.18518518518518517
0 0.7713541666666667 0.6851851851851852 0.03854166666666667 0.17962962962962964
0 0.8359375 0.6851851851851852 0.05416666666666667 0.18888888888888888
0 0.890625 0.6810185185185185 0.04583333333333333 0.18425925925925926
0 0.9432291666666667 0.6847222222222222 0.04479166666666667 0.1824074074074074
