0 0.06067708333333333 0.7138888888888889 0.0421875 0.19814814814814816
0 0.11510416666666666 0.7134259259259259 0.05 0.19907407407407407
0 0.17369791666666667 0.7138888888888889 0.0515625 0.2037037037037037
0 0.23072916666666668 0.7125 0.04375 0.20277777777777778
0 0.29244791666666664 0.7148148148148148 0.050520833333333334 0.21481481481481482
0 0.353125 0.7148148148148148 0.051041666666666666 0.20925925925925926
0 0.41354166666666664 0.7226851851851852 0.04895833333333333 0.2101851851851852
0 0.4708333333333333 0.725 0.04895833333333333 0.20925925925925926
0 0.5364583333333334 0.725 0.046875 0.22407407407407406
0 0.5927083333333333 0.7314814814814815 0.04895833333333333 0.2037037037037037
0 0.6486979166666667 0.7449074074074075 0.04635416666666667 0.20462962962962963
0 0.7059895833333333 0.7421296296296296 0.049479166666666664 0.20462962962962963
0 0.7705729166666667 0.7425925925925926 0.0515625 0.20555555555555555
0 0.8291666666666667 0.7393518518518518 0.04791666666666667 0.20833333333333334
0 0.890625 0.7407407407407407 0.05 0.2074074074074074
0 0.9447916666666667 0.7398148148148148 0.04895833333333333 0.2111111111111111
