0 0.05416666666666667 0.5861111111111111 0.041666666666666664 0.1648148148148148
0 0.10625 0.5879629629629629 0.034375 0.16666666666666666
0 0.16380208333333332 0.5888888888888889 0.049479166666666664 0.16666666666666666
0 0.225 0.5875 0.0375 0.1675925925925926
0 0.28671875 0.5888888888888889 0.0390625 0.1685185185185185
0 0.3463541666666667 0.5893518518518519 0.042708333333333334 0.1787037037037037
0 0.40208333333333335 0.5875 0.04895833333333333 0.1787037037037037
0 0.46197916666666666 0.5893518518518519 0.046875 0.18055555555555555
0 0.5244791666666667 0.5902777777777778 0.051041666666666666 0.1712962962962963
0 0.5846354166666666 0.5856481481481481 0.050520833333333334 0.1824074074074074
0 0.6432291666666666 0.5875 0.04791666666666667 0.17314814814814813
0 0.7020833333333333 0.5879629629629629 0.053125 0.17222222222222222
0 0.7669270833333334 0.5902777777777778 0.0515625 0.18055555555555555
0 0.82109375 0.5893518518518519 0.0515625 0.1675925925925926
0 0.8833333333333333 0.5944444444444444 0.05 0.18703703703703703
0 0.94453125 0.5981481481481481 0.04635416666666667 0.19074074074074074
