0 0.05416666666666667 0.5314814814814814 0.05416666666666667 0.22777777777777777
0 0.11666666666666667 0.5319444444444444 0.04583333333333333 0.22685185185185186
0 0.17552083333333332 0.5324074074074074 0.04583333333333333 0.22407407407407406
0 0.23671875 0.5319444444444444 0.05572916666666667 0.22870370370370371
0 0.29609375 0.5333333333333333 0.0453125 0.22962962962962963
0 0.35598958333333336 0.5324074074074074 0.04739583333333333 0.23148148148148148
0 0.41432291666666665 0.5351851851851852 0.04635416666666667 0.22407407407407406
0 0.4671875 0.5361111111111111 0.04583333333333333 0.22962962962962963
0 0.5296875 0.5361111111111111 0.052083333333333336 0.23333333333333334
0 0.590625 0.5361111111111111 0.051041666666666666 0.2351851851851852
0 0.65078125 0.5365740740740741 0.049479166666666664 0.23055555555555557
0 0.7072916666666667 0.5361111111111111 0.051041666666666666 0.2351851851851852
0 0.76640625 0.5342592592592592 0.0515625 0.23703703703703705
0 0.8276041666666667 0.5333333333333333 0.046875 0.23703703703703705
0 0.8859375 0.5328703703703703 0.053125 0.23796296296296296
0 0.9416666666666667 0.5333333333333333 0.05416666666666667 0.24074074074074073
