0 0.061197916666666664 0.6106481481481482 0.0546875 0.19537037037037036
0 0.12083333333333333 0.6092592592592593 0.05 0.1962962962962963
0 0.18125 0.6078703703703704 0.04791666666666667 0.19722222222222222
0 0.23854166666666668 0.6064814814814815 0.05 0.19814814814814816
0 0.2981770833333333 0.6064814814814815 0.0484375 0.2
0 0.35885416666666664 0.6055555555555555 0.04895833333333333 0.20185185185185187
0 0.41692708333333334 0.6055555555555555 0.0484375 0.2074074074074074
0 0.47109375 0.6050925925925926 0.050520833333333334 0.2101851851851852
0 0.5346354166666667 0.6041666666666666 0.044270833333333336 0.20833333333333334
0 0.5950520833333334 0.600462962962963 0.05260416666666667 0.20462962962962963
0 0.65234375 0.5953703703703703 0.04739583333333333 0.20185185185185187
0 0.7083333333333334 0.5976851851851852 0.05 0.20092592592592592
0 0.7755208333333333 0.5972222222222222 0.046875 0.20185185185185187
0 0.8325520833333333 0.5921296296296297 0.05364583333333333 0.19537037037037036
0 0.8911458333333333 0.5921296296296297 0.05416666666666667 0.19907407407407407
0 0.94609375 0.5925925925925926 0.04739583333333333 0.20185185185185187
