0 0.04869791666666667 0.6310185185185185 0.0484375 0.2175925925925926
0 0.09973958333333334 0.6305555555555555 0.04635416666666667 0.21851851851851853
0 0.15651041666666668 0.6287037037037037 0.04635416666666667 0.21481481481481482
0 0.21640625 0.6287037037037037 0.0546875 0.21666666666666667
0 0.28619791666666666 0.6277777777777778 0.04635416666666667 0.2222222222222222
0 0.33932291666666664 0.6268518518518519 0.05364583333333333 0.2222222222222222
0 0.39479166666666665 0.6296296296296297 0.052083333333333336 0.2222222222222222
0 0.45286458333333335 0.6296296296296297 0.04739583333333333 0.2222222222222222
0 0.51796875 0.6310185185185185 0.049479166666666664 0.23055555555555557
0 0.57578125 0.6300925925925925 0.0546875 0.23055555555555557
0 0.634375 0.6287037037037037 0.04895833333333333 0.23148148148148148
0 0.6927083333333334 0.6296296296296297 0.052083333333333336 0.23333333333333334
0 0.7528645833333333 0.6300925925925925 0.05260416666666667 0.2361111111111111
0 0.8140625 0.6296296296296297 0.052083333333333336 0.2388888888888889
0 0.8723958333333334 0.6300925925925925 0.053125 0.23981481481481481
0 0.9328125 0.6305555555555555 0.059375 0.24074074074074073
