0 0.07734375 0.612037037037037 0.049479166666666664 0.20555555555555555
0 0.13489583333333333 0.6101851851851852 0.05 0.21481481481481482
0 0.19479166666666667 0.6083333333333333 0.046875 0.22037037037037038
0 0.2513020833333333 0.6092592592592593 0.0515625 0.21851851851851853
0 0.31276041666666665 0.6050925925925926 0.049479166666666664 0.225
0 0.37526041666666665 0.6087962962962963 0.050520833333333334 0.22685185185185186
0 0.43411458333333336 0.6083333333333333 0.0515625 0.23148148148148148
0 0.48776041666666664 0.6097222222222223 0.050520833333333334 0.23055555555555557
0 0.5565104166666667 0.6101851851851852 0.043229166666666666 0.22962962962962963
0 0.6122395833333333 0.6087962962962963 0.049479166666666664 0.2324074074074074
0 0.67109375 0.6078703703703704 0.049479166666666664 0.2324074074074074
0 0.7296875 0.6069444444444444 0.051041666666666666 0.2361111111111111
0 0.7875 0.6037037037037037 0.04791666666666667 0.22592592592592592
0 0.84765625 0.6018518518518519 0.049479166666666664 0.23333333333333334
0 0.9041666666666667 0.6032407407407407 0.04895833333333333 0.22870370370370371
0 0.96015625 0.6037037037037037 0.05364583333333333 0.22962962962962963
