0 0.054947916666666666 0.4597222222222222 0.0515625 0.18611111111111112
0 0.11223958333333334 0.4634259259259259 0.0484375 0.18425925925925926
0 0.16901041666666666 0.4685185185185185 0.0515625 0.19814814814814816
0 0.23046875 0.4722222222222222 0.043229166666666666 0.19814814814814816
0 0.29375 0.4675925925925926 0.053125 0.18888888888888888
0 0.35442708333333334 0.4648148148148148 0.04010416666666667 0.18703703703703703
0 0.4088541666666667 0.46944444444444444 0.046875 0.18888888888888888
0 0.4674479166666667 0.4689814814814815 0.04635416666666667 0.16574074074074074
0 0.5328125 0.46435185185185185 0.041666666666666664 0.1787037037037037
0 0.58984375 0.4652777777777778 0.04739583333333333 0.1787037037037037
0 0.6486979166666667 0.462037037037037 0.050520833333333334 0.17962962962962964
0 0.7083333333333334 0.47175925925925927 0.04895833333333333 0.18425925925925926
0 0.771875 0.47175925925925927 0.04895833333333333 0.18796296296296297
0 0.8307291666666666 0.46296296296296297 0.052083333333333336 0.17407407407407408
0 0.8908854166666667 0.46435185185185185 0.04739583333333333 0.17314814814814813
0 0.9416666666666667 0.4648148148148148 0.041666666666666664 0.17592592592592593
