0 0.03359375 0.5685185185185185 0.043229166666666666 0.17407407407407408
0 0.08645833333333333 0.5680555555555555 0.042708333333333334 0.1787037037037037
0 0.146875 0.5712962962962963 0.046875 0.17592592592592593
0 0.20416666666666666 0.5662037037037037 0.03958333333333333 0.19907407407407407
0 0.26328125 0.5648148148148148 0.0546875 0.19074074074074074
0 0.3260416666666667 0.562037037037037 0.040625 0.1814814814814815
0 0.37734375 0.5648148148148148 0.0515625 0.18518518518518517
0 0.4354166666666667 0.5652777777777778 0.04583333333333333 0.1787037037037037
0 0.50546875 0.5634259259259259 0.04739583333333333 0.17314814814814813
0 0.5625 0.5587962962962963 0.051041666666666666 0.1712962962962963
0 0.6169270833333333 0.5564814814814815 0.0421875 0.16666666666666666
0 0.6765625 0.5574074074074075 0.04791666666666667 0.17407407407407408
0 0.7401041666666667 0.5550925925925926 0.041666666666666664 0.1675925925925926
0 0.7950520833333333 0.5555555555555556 0.04739583333333333 0.1648148148148148
0 0.8541666666666666 0.5532407407407407 0.04791666666666667 0.17685185185185184
0 0.91484375 0.5532407407407407 0.04635416666666667 0.17314814814814813
