0 0.021614583333333333 0.649074074074074 0.04010416666666667 0.23148148148148148
0 0.06901041666666667 0.6453703703703704 0.0453125 0.2351851851851852
0 0.14973958333333334 0.6453703703703704 0.05260416666666667 0.23333333333333334
0 0.20286458333333332 0.6467592592592593 0.04739583333333333 0.2324074074074074
0 0.28802083333333334 0.6407407407407407 0.05625 0.24444444444444444
0 0.34713541666666664 0.6453703703703704 0.05677083333333333 0.23333333333333334
0 0.42526041666666664 0.6449074074074074 0.050520833333333334 0.22870370370370371
0 0.48020833333333335 0.6476851851851851 0.051041666666666666 0.23055555555555557
0 0.5625 0.6458333333333334 0.05520833333333333 0.23981481481481481
0 0.6190104166666667 0.6453703703703704 0.0515625 0.2388888888888889
0 0.69921875 0.6439814814814815 0.0546875 0.23796296296296296
0 0.75625 0.6444444444444445 0.04791666666666667 0.23703703703703705
0 0.840625 0.649074074074074 0.04895833333333333 0.23703703703703705
0 0.8963541666666667 0.649074074074074 0.052083333333333336 0.2388888888888889
0 0.9697916666666667 0.6458333333333334 0.04791666666666667 0.23981481481481481
