0 0.022916666666666665 0.4699074074074074 0.040625 0.22870370370370371
0 0.07369791666666667 0.47175925925925927 0.049479166666666664 0.23055555555555557
0 0.15104166666666666 0.462037037037037 0.05625 0.23703703703703705
0 0.20963541666666666 0.46111111111111114 0.05572916666666667 0.24074074074074073
0 0.29453125 0.4675925925925926 0.0453125 0.23333333333333334
0 0.3494791666666667 0.4675925925925926 0.05520833333333333 0.23333333333333334
0 0.4296875 0.46944444444444444 0.04895833333333333 0.2351851851851852
0 0.4796875 0.4699074074074074 0.04791666666666667 0.23796296296296296
0 0.5671875 0.4722222222222222 0.051041666666666666 0.23703703703703705
0 0.625 0.4722222222222222 0.059375 0.2388888888888889
0 0.6997395833333333 0.47129629629629627 0.0578125 0.24074074074074073
0 0.75546875 0.4722222222222222 0.049479166666666664 0.24074074074074073
0 0.8421875 0.47453703703703703 0.051041666666666666 0.23055555555555557
0 0.8947916666666667 0.4736111111111111 0.05 0.23055555555555557
0 0.9752604166666666 0.4708333333333333 0.044270833333333336 0.2361111111111111
