0 0.017708333333333333 0.5143518518518518 0.03333333333333333 0.21944444444444444
0 0.061197916666666664 0.5148148148148148 0.0484375 0.2222222222222222
0 0.14401041666666667 0.5120370370370371 0.0515625 0.21851851851851853
0 0.19557291666666668 0.5106481481481482 0.050520833333333334 0.21388888888888888
0 0.28880208333333335 0.5083333333333333 0.049479166666666664 0.21296296296296297
0 0.34088541666666666 0.5083333333333333 0.0484375 0.21481481481481482
0 0.4192708333333333 0.5097222222222222 0.051041666666666666 0.21388888888888888
0 0.46901041666666665 0.5106481481481482 0.0515625 0.21388888888888888
0 0.56015625 0.5069444444444444 0.049479166666666664 0.2175925925925926
0 0.61328125 0.5092592592592593 0.0515625 0.21666666666666667
0 0.69296875 0.5083333333333333 0.0578125 0.22407407407407406
0 0.7481770833333333 0.5087962962962963 0.049479166666666664 0.225
0 0.8356770833333333 0.5055555555555555 0.049479166666666664 0.22592592592592592
0 0.8872395833333333 0.5055555555555555 0.04635416666666667 0.22407407407407406
0 0.9703125 0.5060185185185185 0.051041666666666666 0.22314814814814815
