0 0.021614583333333333 0.5351851851851852 0.04010416666666667 0.25
0 0.06979166666666667 0.5337962962962963 0.05 0.2490740740740741
0 0.15104166666666666 0.524074074074074 0.05625 0.2388888888888889
0 0.20572916666666666 0.525 0.046875 0.2388888888888889
0 0.2875 0.5236111111111111 0.053125 0.23796296296296296
0 0.3421875 0.5222222222222223 0.05520833333333333 0.24074074074074073
0 0.4270833333333333 0.5236111111111111 0.05520833333333333 0.23796296296296296
0 0.4778645833333333 0.5226851851851851 0.049479166666666664 0.23796296296296296
0 0.5640625 0.5236111111111111 0.052083333333333336 0.23425925925925925
0 0.6221354166666667 0.5208333333333334 0.05677083333333333 0.24166666666666667
0 0.7065104166666667 0.5212962962962963 0.05364583333333333 0.2351851851851852
0 0.7572916666666667 0.5212962962962963 0.05520833333333333 0.2351851851851852
0 0.8419270833333333 0.5194444444444445 0.049479166666666664 0.2462962962962963
0 0.890625 0.5189814814814815 0.04895833333333333 0.24722222222222223
0 0.975 0.524074074074074 0.04375 0.23703703703703705
