0 0.018229166666666668 0.5046296296296297 0.03125 0.21666666666666667
0 0.06432291666666666 0.5046296296296297 0.049479166666666664 0.22037037037037038
0 0.15 0.5069444444444444 0.04791666666666667 0.2175925925925926
0 0.20208333333333334 0.5060185185185185 0.04791666666666667 0.2175925925925926
0 0.2890625 0.5032407407407408 0.041666666666666664 0.21203703703703702
0 0.34322916666666664 0.5032407407407408 0.04791666666666667 0.21574074074074073
0 0.42109375 0.4976851851851852 0.0515625 0.21388888888888888
0 0.4739583333333333 0.49953703703703706 0.046875 0.2101851851851852
0 0.5609375 0.500462962962963 0.04791666666666667 0.20462962962962963
0 0.61875 0.5018518518518519 0.057291666666666664 0.20555555555555555
0 0.6963541666666667 0.5115740740740741 0.057291666666666664 0.21574074074074073
0 0.7513020833333334 0.513425925925926 0.0546875 0.2175925925925926
0 0.8348958333333333 0.5106481481481482 0.053125 0.21944444444444444
0 0.8911458333333333 0.5097222222222222 0.058333333333333334 0.21944444444444444
0 0.9700520833333334 0.512962962962963 0.05260416666666667 0.21481481481481482
