0 0.0203125 0.6046296296296296 0.034375 0.2611111111111111
0 0.06276041666666667 0.6027777777777777 0.0546875 0.2574074074074074
0 0.14010416666666667 0.6013888888888889 0.059375 0.25092592592592594
0 0.20182291666666666 0.6037037037037037 0.0421875 0.2537037037037037
0 0.28177083333333336 0.5995370370370371 0.053125 0.25833333333333336
0 0.3390625 0.5986111111111111 0.05520833333333333 0.2601851851851852
0 0.42109375 0.5981481481481481 0.058854166666666666 0.26481481481481484
0 0.4752604166666667 0.5981481481481481 0.0453125 0.26481481481481484
0 0.5596354166666667 0.5976851851851852 0.050520833333333334 0.26944444444444443
0 0.6158854166666666 0.5861111111111111 0.06302083333333333 0.24444444444444444
0 0.6986979166666667 0.5851851851851851 0.05572916666666667 0.2462962962962963
0 0.7528645833333333 0.5912037037037037 0.0484375 0.24537037037037038
0 0.8388020833333333 0.5898148148148148 0.050520833333333334 0.24814814814814815
0 0.8908854166666667 0.5888888888888889 0.05260416666666667 0.24814814814814815
0 0.9700520833333334 0.5875 0.05364583333333333 0.24722222222222223
